494,2076.0,1063.0,1.95296330954566
495,4806.0,2398.0,2.0041701409490535
496,7502.0,3878.0,1.934502320285069
497,7322.0,3672.0,1.9940087140539193
498,7881.0,4274.0,1.843940102516626
499,5180.0,2488.0,2.081993568295019
500,7000.0,3519.0,1.9892014771272517
501,6413.0,2979.0,2.152735816665748
502,4091.0,2095.0,1.9527446291395014
503,9514.0,4805.0,1.9800208112424513
504,11023.0,5102.0,2.160525283778807
505,6642.0,2582.0,2.572424476153205
506,4552.0,1897.0,2.3995782802321672
507,10390.0,4021.0,2.5839343440477656
508,7234.0,2406.0,3.0066500403131133
509,2697.0,920.0,2.9315217359439982
510,1332.0,554.0,2.404332125623949
511,1078.0,516.0,2.0891472827729705
512,1155.0,575.0,2.008695648680529
542,2880.0,1943.0,1.4822439518876767
543,3776.0,2253.0,1.6759875713821628
544,7794.0,3897.0,1.9999999994867848
545,17997.0,8192.0,2.196899413794324
546,28349.0,15270.0,1.8565160444101823
547,25993.0,11971.0,2.171330715715368
548,19325.0,10334.0,1.870040642358231
549,14674.0,7343.0,1.9983657902766763
550,13456.0,6343.0,2.1213936619704565
551,11332.0,4960.0,2.2846774188942183
552,14623.0,6298.0,2.321848205410948
553,9035.0,3601.0,2.509025270061365
554,6868.0,2806.0,2.4476122585717706
555,3410.0,1346.0,2.533432390391209
556,1353.0,586.0,2.3088737161964614
557,832.0,363.0,2.2920110129696667
558,586.0,264.0,2.2196969612890265
559,470.0,206.0,2.2815533869827505
560,429.0,196.0,2.1887754990368595
561,399.0,167.0,2.3892215425795116
562,426.0,161.0,2.6459627164847035
563,259.0,90.0,2.8777777458024696
564,195.0,78.0,2.4999999679487184
565,185.0,75.0,2.4666666337777783
762,10293.0,4761.0,2.161940768291968
763,23351.0,9098.0,2.566608045442228
764,29514.0,12539.0,2.353776218011502
765,20047.0,8092.0,2.4773850713695764
766,13902.0,5590.0,2.486940965565842
767,19326.0,7845.0,2.463479923204145
768,20015.0,7611.0,2.629746419310242
769,22863.0,8881.0,2.5743722550867725
770,14277.0,6499.0,2.196799507278535
771,13143.0,5871.0,2.2386305565936584
772,13933.0,6489.0,2.147172137132505
773,8707.0,4177.0,2.084510413673806
774,7161.0,3600.0,1.9891666661141205
775,15312.0,6385.0,2.398120594769284
776,6677.0,3000.0,2.225666665924778
777,4502.0,1889.0,2.3832715709987973
778,3346.0,1301.0,2.5718677920277724
779,2267.0,963.0,2.3541017628721685
780,1894.0,872.0,2.1720183461330067
822,3015.0,1813.0,1.6629895192151187
823,10418.0,5766.0,1.8067984734986473
824,19115.0,10405.0,1.8370975490786066
825,29433.0,13882.0,2.1202276327531893
826,23731.0,14401.0,1.6478716754636573
827,22332.0,11692.0,1.9100239478352699
828,20211.0,12678.0,1.5941788924440623
829,21484.0,12219.0,1.758245355449853
830,12849.0,6890.0,1.8648766325304968
831,18498.0,9632.0,1.9204734217275254
832,26646.0,12180.0,2.1876847288844266
833,29715.0,13292.0,2.2355552210174876
834,19521.0,6744.0,2.8945729533074473
835,6551.0,2380.0,2.7525210072468402
836,2058.0,791.0,2.601769908215209
837,1579.0,698.0,2.262177647188857
838,1657.0,887.0,1.8680946991340532
839,2314.0,1468.0,1.5762942768553851
840,4448.0,2746.0,1.619810633059064
841,5426.0,2985.0,1.817755443277134
842,3794.0,2003.0,1.894158760911553
843,3190.0,1731.0,1.8428653946603897
844,3112.0,1696.0,1.8349056592954565
845,2614.0,1502.0,1.740346203901234
846,3293.0,2034.0,1.6189773836681527
847,2350.0,1399.0,1.6797712639887266
848,1650.0,1036.0,1.592664091126772
849,1575.0,858.0,1.8356643335248668
850,836.0,433.0,1.9307159308759447
62,1542.0,848.0,1.8183962242707592
63,2105.0,962.0,2.1881496858751044
64,1633.0,733.0,2.2278308291571203
65,1798.0,946.0,1.9006342474623317
66,6397.0,3477.0,1.8398044285764152
67,25440.0,10521.0,2.418021100426003
68,24315.0,9867.0,2.464274855329454
69,17121.0,7420.0,2.3074123986108606
70,21025.0,9340.0,2.251070663570549
71,26995.0,12815.0,2.1065158016303926
72,11717.0,6019.0,1.9466688815506448
73,8775.0,4488.0,1.9552139033076616
74,28225.0,13297.0,2.1226592462869323
75,27481.0,13461.0,2.0415273752290672
76,20682.0,9844.0,2.1009752131144883
77,30371.0,13012.0,2.3340762371400188
78,20373.0,8957.0,2.274533883859045
79,12264.0,5419.0,2.2631481819038295
80,18135.0,6627.0,2.7365323671742066
81,11016.0,3556.0,3.0978627662829408
82,5190.0,1692.0,3.0673758847119528
83,1927.0,502.0,3.838645410679989
84,1028.0,346.0,2.9710982573089644
85,1046.0,415.0,2.520481921637393
86,1049.0,475.0,2.2084210479822715
87,1043.0,522.0,1.9980842873599918
88,1228.0,567.0,2.165784828631773
89,900.0,405.0,2.2222222167352537
90,630.0,282.0,2.234042545269353
152,19389.0,6963.0,2.7845756135595896
153,9164.0,3167.0,2.893590147491762
154,4387.0,1587.0,2.764335221950639
155,12110.0,5955.0,2.0335852221606068
156,26146.0,13538.0,1.9313044761463063
157,28815.0,13045.0,2.208892295729483
158,22499.0,10251.0,2.194810262199316
159,22202.0,11519.0,1.9274242554104155
160,21456.0,7338.0,2.9239574812041487
161,15640.0,5720.0,2.7342657337877156
162,8183.0,2603.0,3.1436803675975105
163,3408.0,1305.0,2.611494250872418
164,543.0,191.0,2.8429319222883147
165,309.0,124.0,2.491935463774714
166,456.0,211.0,2.1611374305159363
167,470.0,192.0,2.4479166539171007
168,359.0,144.0,2.49305553824267
204,1271.0,528.0,2.4071969651378846
205,5589.0,3323.0,1.6819139326867547
206,11999.0,6271.0,1.913410938939019
207,17930.0,9556.0,1.8763080784976656
208,25702.0,13036.0,1.9716170602967462
209,23689.0,11468.0,2.0656609694745676
210,27796.0,12036.0,2.30940511778752
211,25377.0,10094.0,2.5140677627784753
212,24155.0,8154.0,2.962349766622228
213,10310.0,3920.0,2.630102040145382
214,7159.0,3395.0,2.1086892482743185
215,3282.0,1727.0,1.900405326056511
216,2149.0,1128.0,1.9051418422826756
217,10218.0,5105.0,2.0015670906950898
218,14677.0,6713.0,2.1863548335786747
219,10967.0,5109.0,2.146604031680054
220,8550.0,4154.0,2.058257101093342
221,3599.0,1639.0,2.195851127397284
222,3651.0,1904.0,1.9175420157996101
223,7890.0,3579.0,2.2045264034075087
224,4254.0,2259.0,1.8831341293124684
225,7821.0,4131.0,1.8932461869055321
226,7015.0,3163.0,2.2178311722359054
227,4198.0,1921.0,2.1853201446198227
228,2360.0,1021.0,2.3114593513110093
268,22799.0,7605.0,2.9978961205788432
269,24141.0,9219.0,2.6186137322249037
270,29522.0,11250.0,2.6241777775445176
271,19083.0,10339.0,1.8457297609202312
272,19795.0,11457.0,1.7277646851943995
273,12445.0,6767.0,1.8390719666264117
274,8216.0,4304.0,1.9089219326419788
275,10812.0,5226.0,2.0688863371471706
276,8084.0,3842.0,2.104112440889091
277,3294.0,1463.0,2.251537934209475
278,2021.0,811.0,2.4919852003797964
279,1999.0,828.0,2.414251204813706
280,2977.0,1144.0,2.6022727249980133
281,2218.0,756.0,2.9338624299816636
282,1020.0,309.0,3.3009708631036543
283,810.0,270.0,2.999999988888889
284,1673.0,624.0,2.6810897392931254
285,5012.0,1623.0,3.0881084392556324
286,3066.0,869.0,3.5281933216016186
287,1420.0,431.0,3.294663565441616
288,1097.0,358.0,3.06424580149652
289,2486.0,956.0,2.600418407321738
290,1352.0,514.0,2.6303501894351164
291,978.0,345.0,2.834782600478891
359,4565.0,2300.0,1.9847826078327033
360,13578.0,6226.0,2.180854480857556
361,17862.0,8769.0,2.0369483405135194
362,17723.0,8317.0,2.1309366355499653
363,15199.0,6887.0,2.2069115722075052
364,17551.0,8737.0,2.0088130935093496
365,18071.0,8299.0,2.1774912637453316
366,16767.0,7666.0,2.187190190166033
367,10418.0,4776.0,2.181323282625351
368,6685.0,2802.0,2.385795859248467
369,3976.0,1649.0,2.411158276281893
370,2196.0,940.0,2.33617021028067
371,10285.0,4793.0,2.1458376795022245
372,17881.0,8797.0,2.0326247582093186
373,10951.0,5475.0,2.000182648036496
374,4865.0,2544.0,1.9123427665438906
375,2460.0,1178.0,2.0882852274292993
376,1556.0,781.0,1.9923175390623336
377,978.0,486.0,2.0123456748717166
378,2031.0,945.0,2.149206346932057
379,2191.0,844.0,2.595971560905247
380,2103.0,1057.0,1.9895931863863827
381,1704.0,882.0,1.931972786925201